Dataset shape: (95000, 10000)

              precision    recall  f1-score   support

           0       0.28      0.56      0.38       195
           1       0.42      0.57      0.48       198
           2       0.30      0.35      0.32       188
           3       0.25      0.42      0.32       193
           4       0.14      0.17      0.15       186
           5       0.44      0.69      0.54       192
           6       0.29      0.28      0.28       188
           7       0.17      0.19      0.18       212
           8       0.25      0.28      0.26       200
           9       0.21      0.17      0.19       184
          10       0.49      0.49      0.49       212
          11       0.24      0.30      0.27       209
          12       0.11      0.07      0.09       169
          13       0.59      0.70      0.64       225
          14       0.11      0.06      0.08       206
          15       0.18      0.12      0.14       212
          16       0.31      0.50      0.38       194
          17       0.45      0.50      0.47       185
          18       0.25      0.36      0.29       185
          19       0.30      0.25      0.27       205
          20       0.57      0.64      0.61       210
          21       0.55      0.51      0.53       223
          22       0.31      0.17      0.22       200
          23       0.15      0.16      0.16       180
          24       0.28      0.35      0.31       211
          25       0.17      0.22      0.19       194
          26       0.20      0.25      0.22       228
          27       0.22      0.29      0.25       202
          28       0.31      0.32      0.32       202
          29       0.23      0.11      0.15       183
          30       0.33      0.74      0.46       210
          31       0.17      0.23      0.19       172
          32       0.35      0.34      0.34       207
          33       0.41      0.66      0.51       189
          34       0.25      0.20      0.22       188
          35       0.29      0.15      0.20       210
          36       0.10      0.09      0.09       204
          37       0.13      0.09      0.11       214
          38       0.40      0.43      0.41       208
          39       0.23      0.27      0.25       219
          40       0.14      0.09      0.11       198
          41       0.14      0.15      0.14       206
          42       0.56      0.51      0.53       203
          43       0.29      0.43      0.35       190
          44       0.59      0.65      0.62       185
          45       0.68      0.53      0.59       213
          46       0.21      0.33      0.26       185
          47       0.48      0.69      0.56       210
          48       0.56      0.75      0.64       205
          49       0.65      0.25      0.36       200
          50       0.22      0.23      0.23       189
          51       0.13      0.11      0.12       189
          52       0.57      0.71      0.63       223
          53       0.50      0.68      0.58       207
          54       0.35      0.37      0.36       196
          55       0.20      0.13      0.15       206
          56       0.32      0.05      0.09       202
          57       0.23      0.25      0.24       175
          58       0.52      0.39      0.45       213
          59       0.15      0.18      0.16       222
          60       0.60      0.72      0.65       182
          61       0.32      0.37      0.34       190
          62       0.14      0.09      0.11       183
          63       0.28      0.41      0.34       196
          64       0.25      0.08      0.12       208
          65       0.36      0.21      0.26       236
          66       0.18      0.08      0.11       213
          67       0.51      0.10      0.16       189
          68       0.20      0.15      0.17       224
          69       0.86      0.95      0.90       202
          70       0.44      0.23      0.31       219
          71       0.20      0.10      0.13       199
          72       0.18      0.08      0.11       185
          73       0.47      0.34      0.40       202
          74       0.21      0.25      0.23       189
          75       0.20      0.05      0.08       196
          76       0.09      0.05      0.07       206
          77       0.41      0.55      0.47       189
          78       0.43      0.35      0.38       204
          79       0.24      0.28      0.26       214
          80       0.41      0.36      0.38       196
          81       0.31      0.32      0.31       190
          82       0.17      0.12      0.14       204
          83       0.34      0.38      0.36       189
          84       0.34      0.33      0.34       208
          85       0.62      0.59      0.60       196
          86       0.33      0.18      0.24       203
          87       0.25      0.44      0.32       210
          88       0.28      0.29      0.29       209
          89       0.16      0.14      0.15       195
          90       0.14      0.15      0.14       204
          91       0.55      0.61      0.57       199
          92       0.32      0.34      0.33       176
          93       0.32      0.44      0.37       205
          94       0.23      0.10      0.14       181

    accuracy                           0.33     19000
   macro avg       0.32      0.33      0.31     19000
weighted avg       0.32      0.33      0.31     19000
